./input/data7.txt
123456
123456
123
456
1234
561
23456
./input/data1.txt
123
123
123
1
23
123
./input/data2.txt
123456
123456
123
456
1234
561
23456
./input/data9.txt
1
21
23
45
67
891
23
45
67
891
23
45
67
89v1
23
45
67
891
23
45
67
891
23
45
67
891
23
45
67
891
23
45
67
891
23
45
67
891
23
45
67
891
23
45
67
891
23
45
67
893
41
23
45
67
891
23
45
67
895
67
89
./input/data4.txt
123
123
123
1
23
123
./input/data5.txt
123
123
123
1
23
123
./input/data8.txt
1
21
23
45
67
891
23
45
67
891
23
45
67
89v1
23
45
67
891
23
45
67
891
23
45
67
891
23
45
67
891
23
45
67
891
23
45
67
891
23
45
67
891
23
45
67
891
23
45
67
893
41
23
45
67
891
23
45
67
895
67
89
./input/data6.txt
123456
123456
123
456
1234
561
23456
./input/data3.txt
1
21
23
45
67
891
23
45
67
891
23
45
67
89v1
23
45
67
891
23
45
67
891
23
45
67
891
23
45
67
891
23
45
67
891
23
45
67
891
23
45
67
891
23
45
67
891
23
45
67
893
41
23
45
67
891
23
45
67
895
67
89
